8579
8539
8550
8572
8587
8588
8527
8534
8589
8549
8560
8535
8561
8583
8559
8570
8585
8571
8531
8532
8594
8533
8580
8548
8595
8581
8541
8556
8582
8557
8590
8591
8551
8566
8592
8568
8569
8529
8562
8577
8563
8538
8564
10786
10794
10793
10792
10787
10789
10788
10798
10797
10796
10791
10795
10767
10790
10785
10766
10763
10784
10334
10331
10356
10353
10357
10329
10327
10333
10326
10335
10332
10325
10324
10323
26482
26486
26480
26483
26484
26447
26445
26456
26469
26458
26468
26481
26462
26471
26457
26459
26446
26444
32364
32367
32362
32365
32360
32378
32363
32366
32361
10859
10853
10864
10865
10866
10872
10867
10850
10855
10849
10860
10861
10862
10863
10851
10856
10858
10852
10857
10854
9299
9285
9286
9287
9281
9296
9297
9283
9298
9284
9292
9293
9216
9217
9218
16046
16057
16052
16055
16039
16058
16050
16045
16060
16044
16053
16056
16061
16059
16051
16054
16047
16062
16049
27775
8772
8773
8788
8789
8784
8785
27861
27863
31742
31740
31743
31741
31737
31739
28494
28495
28081
28084
28087
28060
28032
28061
28036
28051
28057
28041
28035
28039
28034
28038
28058
28085
28080
28044
28083
28033
28086
28037
28040
28054
28062
28063
28059
28056
28055
9101
9102
9103
9126
9127
9114
9129
9136
9100
9123
9138
9124
9125
9132
9133
9121
9144
10459
10441
10431
10473
10470
10437
10421
10445
10443
10457
10480
10456
10447
10476
10423
10444
10439
10467
10496
10438
10448
10450
10458
10442
10468
10478
10475
10472
10498
10469
10464
10446
10429
10465
10477
10474
10471
10466
10451
28516
28535
28536
28537
28518
28528
28525
28541
28507
28524
28531
28521
28506
28529
28526
28517
28513
28530
28519
28515
28527
28128
28106
28104
32451
32450
32494
32448
32493
32424
32427
32449
32426
32495
32455
32454
32453
32452
32464
8602
8603
8618
8613
8600
8601
8616
8624
8610
8612
8960
8444
8430
8428
8429
8440
8439
8425
8427
8435
8436
8422
8437
8423
8438
8445
8431
8446
8447
8433
8434
8441
8442
8443
10528
10506
10505
10504
32507
32506
9099
9304
27951
27950
27944
27946
27945
27947
27948
